0.000000000000000000e+00
0.000000000000000000e+00
0.000000000000000000e+00
0.000000000000000000e+00
0.000000000000000000e+00
7.500000000000000000e-01
3.750000000000000000e+00
6.250000000000000000e+00
7.000000000000000000e+00
6.750000000000000000e+00
9.250000000000000000e+00
5.750000000000000000e+00
6.250000000000000000e+00
5.750000000000000000e+00
6.750000000000000000e+00
5.750000000000000000e+00
7.000000000000000000e+00
4.750000000000000000e+00
4.000000000000000000e+00
3.500000000000000000e+00
2.750000000000000000e+00
3.000000000000000000e+00
1.500000000000000000e+00
2.500000000000000000e-01
