4.000000000000000222e-01
2.999999999999999889e-01
0.000000000000000000e+00
0.000000000000000000e+00
0.000000000000000000e+00
1.000000000000000000e+00
4.900000000000000355e+00
6.000000000000000000e+00
4.299999999999999822e+00
1.199999999999999956e+00
2.000000000000000000e+00
1.000000000000000000e+00
2.200000000000000178e+00
2.000000000000000000e+00
1.000000000000000000e+00
3.200000000000000178e+00
2.899999999999999911e+00
4.000000000000000000e+00
7.700000000000000178e+00
9.800000000000000711e+00
8.400000000000000355e+00
5.599999999999999645e+00
3.299999999999999822e+00
1.100000000000000089e+00
