5.999999999999999778e-01
5.999999999999999778e-01
2.000000000000000111e-01
0.000000000000000000e+00
0.000000000000000000e+00
1.300000000000000044e+00
5.900000000000000355e+00
8.199999999999999289e+00
5.900000000000000355e+00
3.399999999999999911e+00
2.899999999999999911e+00
3.200000000000000178e+00
2.799999999999999822e+00
3.000000000000000000e+00
2.299999999999999822e+00
5.099999999999999645e+00
5.500000000000000000e+00
1.059999999999999964e+01
2.100000000000000000e+01
1.919999999999999929e+01
1.040000000000000036e+01
8.099999999999999645e+00
4.400000000000000355e+00
2.500000000000000000e+00
