6.500000000000000000e+00
2.000000000000000000e+00
2.500000000000000000e-01
2.500000000000000000e-01
2.500000000000000000e-01
1.500000000000000000e+00
5.250000000000000000e+00
8.000000000000000000e+00
2.500000000000000000e+01
2.475000000000000000e+01
2.400000000000000000e+01
2.925000000000000000e+01
3.400000000000000000e+01
3.425000000000000000e+01
3.250000000000000000e+01
3.525000000000000000e+01
3.825000000000000000e+01
3.825000000000000000e+01
3.950000000000000000e+01
2.675000000000000000e+01
1.925000000000000000e+01
2.650000000000000000e+01
1.250000000000000000e+01
5.250000000000000000e+00
