3.000000000000000000e+00
5.000000000000000000e-01
0.000000000000000000e+00
0.000000000000000000e+00
0.000000000000000000e+00
1.750000000000000000e+00
3.250000000000000000e+00
1.025000000000000000e+01
2.525000000000000000e+01
2.525000000000000000e+01
3.125000000000000000e+01
2.875000000000000000e+01
4.050000000000000000e+01
3.000000000000000000e+01
3.200000000000000000e+01
3.350000000000000000e+01
3.225000000000000000e+01
2.900000000000000000e+01
2.975000000000000000e+01
1.650000000000000000e+01
1.300000000000000000e+01
1.050000000000000000e+01
5.000000000000000000e+00
1.500000000000000000e+00
