3.299999999999999822e+00
8.000000000000000444e-01
2.999999999999999889e-01
5.000000000000000000e-01
4.000000000000000222e-01
1.100000000000000089e+00
3.899999999999999911e+00
1.950000000000000000e+01
4.460000000000000142e+01
3.789999999999999858e+01
2.619999999999999929e+01
5.700000000000000000e+01
7.490000000000000568e+01
6.060000000000000142e+01
4.560000000000000142e+01
5.160000000000000142e+01
5.089999999999999858e+01
9.329999999999999716e+01
1.306999999999999886e+02
7.059999999999999432e+01
3.750000000000000000e+01
2.589999999999999858e+01
1.730000000000000071e+01
6.099999999999999645e+00
