8.000000000000000444e-01
2.999999999999999889e-01
1.000000000000000056e-01
2.000000000000000111e-01
0.000000000000000000e+00
8.000000000000000444e-01
4.000000000000000000e+00
3.970000000000000284e+01
9.320000000000000284e+01
6.010000000000000142e+01
3.320000000000000284e+01
4.920000000000000284e+01
6.740000000000000568e+01
6.179999999999999716e+01
4.200000000000000000e+01
4.679999999999999716e+01
4.150000000000000000e+01
6.200000000000000000e+01
7.070000000000000284e+01
3.860000000000000142e+01
2.000000000000000000e+01
1.030000000000000071e+01
6.400000000000000355e+00
1.300000000000000044e+00
